Excursion distances:
42834
74810
92920

Indexes of the 330 members who participate in any of the distances:
0
2
4
6
7
9
11
12
18
19
20
25
27
29
30
31
32
33
34
35
37
39
40
41
42
43
44
45
46
47
49
50
51
52
53
54
55
56
58
59
60
63
64
67
69
70
71
74
75
79
81
83
84
85
86
87
88
90
91
92
93
94
97
98
99
100
102
103
106
107
108
110
111
112
113
114
115
117
120
121
123
125
126
128
129
131
132
135
136
137
138
140
141
142
143
144
145
146
148
149
150
151
152
154
157
163
164
165
166
168
171
174
175
176
177
178
179
180
181
182
184
185
186
188
189
190
193
194
195
196
197
198
200
202
203
205
206
210
211
213
214
215
216
221
223
224
225
226
228
229
230
231
232
234
235
236
237
238
241
243
244
247
248
249
251
253
254
255
257
258
259
260
261
262
264
266
268
272
275
276
277
278
279
280
283
284
287
288
289
290
291
292
293
295
297
298
299
300
301
305
306
307
309
311
312
314
315
316
318
319
320
322
324
325
326
328
329
330
331
334
335
336
341
342
343
344
345
346
347
348
349
350
351
352
353
354
356
358
360
362
363
366
367
368
369
370
371
373
374
377
379
381
382
383
384
385
386
387
388
389
390
391
393
394
395
396
397
398
399
403
404
405
409
410
412
414
415
416
417
418
419
420
425
426
428
429
430
431
432
433
435
436
438
442
443
444
447
448
449
450
451
453
454
456
457
458
460
462
463
465
467
468
469
470
473
474
476
477
478
479
480
481
482
484
486
487
490
494
496
497

Indexes of the members who participate in excursion of the distance 42834:
0
9
18
25
30
32
33
40
41
43
44
45
46
50
51
52
53
54
56
58
60
64
69
70
71
74
75
81
85
86
87
88
94
99
100
102
110
112
113
114
117
120
121
125
128
129
132
136
137
144
145
148
149
150
152
157
163
165
166
174
175
179
181
184
185
189
193
194
195
196
197
202
203
205
210
211
214
215
221
223
228
235
236
237
241
244
248
249
251
254
255
257
260
261
262
266
276
277
278
279
280
283
284
288
290
293
297
299
300
301
306
307
311
312
314
315
318
319
324
325
328
341
344
346
348
350
353
358
360
362
366
367
368
373
377
379
382
384
385
390
393
396
399
404
405
412
414
415
417
418
429
431
432
436
447
451
456
457
460
463
469
473
477
478
481
487
490
496

Indexes of the members who participate in excursion of the distance 92920:
6
7
11
12
20
27
31
32
46
47
49
63
70
79
84
91
92
93
97
106
115
123
126
132
138
141
142
143
154
157
168
171
177
179
180
182
184
190
195
197
198
200
206
215
224
226
231
232
238
247
253
258
264
268
272
275
289
295
297
299
305
306
322
334
335
336
342
345
346
349
356
363
369
370
381
383
387
388
394
395
409
410
420
425
426
433
435
448
450
451
454
462
465
467
469
470
479
480
482
484
486
497

Indexes of the members who participate in excursion of the distance 74810:
2
4
7
11
12
19
25
27
29
32
33
34
35
37
39
42
46
47
51
54
55
59
67
70
71
79
81
83
87
90
93
98
102
103
106
107
108
110
111
114
115
117
120
128
129
131
132
135
140
141
142
143
145
146
148
151
152
157
164
165
174
175
176
178
179
184
186
188
194
195
197
198
200
206
213
214
215
216
221
225
229
230
234
243
244
249
254
259
268
277
284
287
291
292
295
297
298
299
301
306
309
311
316
318
320
322
326
329
330
331
334
341
342
343
346
347
349
351
352
354
366
367
368
371
374
379
381
383
385
386
389
391
397
398
403
404
409
412
416
419
428
429
430
432
435
438
442
443
444
447
449
451
453
456
458
468
469
470
474
476
477
478
480
487
490
494
496