Excursion distances:
39520
76088
91584

Indexes of the 551 members who participate in any of the distances:
0
3
4
5
6
8
9
10
11
12
14
15
16
19
20
21
22
25
26
27
28
29
30
32
34
37
40
41
42
43
44
45
46
49
53
54
55
56
57
58
59
60
61
62
63
64
65
66
68
69
70
72
73
74
75
76
78
79
80
81
82
85
86
87
88
90
91
92
94
95
98
100
101
102
103
104
106
109
110
111
113
114
115
117
119
121
122
123
124
125
126
128
130
132
133
134
135
136
138
141
145
146
147
148
150
152
153
154
157
159
160
161
162
163
164
165
166
167
169
170
171
172
173
174
175
176
179
180
182
183
184
185
186
187
188
190
191
192
194
195
197
198
201
202
204
207
208
209
210
212
213
214
215
216
217
218
219
222
224
228
229
231
233
237
238
243
244
245
248
249
251
252
254
255
256
257
258
259
261
265
267
269
270
272
275
276
277
280
282
283
284
286
287
289
290
291
292
294
295
298
300
301
303
304
305
307
308
309
311
312
313
314
315
317
318
319
320
321
325
326
331
334
336
337
339
340
342
343
346
347
348
349
351
352
353
356
357
358
359
360
362
363
365
366
368
369
370
372
373
374
375
377
379
380
381
382
383
384
385
386
387
388
390
391
393
394
395
396
397
398
400
401
403
405
406
407
409
411
412
413
414
415
416
417
418
419
420
421
422
423
424
425
426
427
428
429
432
433
434
436
439
440
441
444
446
448
449
452
453
454
455
456
460
462
464
466
467
468
469
471
472
475
476
478
479
480
481
485
487
488
489
491
492
493
494
496
498
500
502
504
505
506
507
508
509
510
511
512
514
517
519
520
521
523
524
526
527
528
529
530
531
532
533
534
536
537
538
539
540
541
544
545
546
547
548
549
550
551
554
555
556
557
558
559
561
562
563
565
566
569
572
573
574
576
577
580
581
582
583
584
586
587
588
589
590
591
592
594
596
600
601
603
604
605
606
607
609
610
611
613
615
617
619
620
621
622
623
624
626
627
628
629
630
631
632
633
634
635
636
637
638
640
643
644
645
646
647
648
649
651
653
654
657
658
660
663
664
665
666
668
671
672
674
675
677
678
681
682
685
686
687
688
690
691
695
696
697
698
699
700
704
705
706
707
708
710
711
712
713
715
716
718
719
723
725
727
728
729
730
732
733
735
736
737
739
740
741
742
743
744
746
747
748
749
751
754
755
756
757
758
759
760
761
762
763
764
765
766
767
770
772
773
775
776
778
779
780
781
782
784
785
786
787
789
790
792
794
795
797
798
799

Indexes of the members who participate in excursion of the distance 39520:
3
4
5
8
9
10
11
15
16
21
26
27
28
29
30
37
40
41
42
44
45
58
60
61
63
65
69
70
75
76
78
82
85
87
88
90
94
95
98
103
104
106
110
114
115
117
123
126
132
134
136
141
147
148
152
154
157
159
160
161
162
163
165
169
170
173
174
175
179
180
182
184
190
191
195
207
209
210
212
214
215
218
219
224
228
229
237
238
244
245
251
252
254
261
265
269
272
276
283
284
286
287
291
292
294
298
301
303
304
307
308
309
311
313
319
320
321
325
326
331
336
340
342
347
351
353
356
357
360
363
365
370
372
374
375
379
380
381
382
384
386
390
393
396
398
400
403
407
409
412
414
421
423
425
433
436
441
444
446
448
449
453
462
464
466
469
471
475
476
478
485
488
493
496
498
500
502
504
505
509
511
512
517
519
520
523
524
527
528
529
530
531
532
533
539
541
545
547
550
558
559
566
569
573
576
577
581
582
583
584
588
594
596
601
603
611
613
615
617
619
622
623
627
630
631
633
635
637
638
640
643
648
649
651
658
663
665
666
668
671
672
675
678
681
685
688
700
704
705
707
708
710
712
723
725
727
728
730
732
733
736
739
741
742
747
751
755
756
757
760
762
766
767
773
775
778
780
782
786
789
790
794
795
797
799

Indexes of the members who participate in excursion of the distance 91584:
11
12
14
19
27
37
43
46
53
54
55
56
57
59
61
62
64
66
68
72
74
79
80
81
92
94
100
101
102
109
111
113
121
125
130
135
141
146
150
152
153
164
167
169
171
172
176
184
185
187
188
192
194
195
197
198
204
213
217
224
228
231
233
237
243
248
249
251
255
257
259
270
275
276
277
282
314
318
334
342
343
360
362
368
369
370
375
377
379
387
391
395
397
401
405
406
411
413
415
416
417
418
419
425
429
432
439
452
456
467
469
475
478
479
480
487
488
489
492
498
505
508
510
514
521
526
538
540
541
546
548
549
550
551
554
556
557
561
565
566
569
574
580
581
582
584
587
592
605
606
607
610
620
626
629
632
636
644
646
647
653
654
657
664
674
677
682
686
695
697
698
704
711
713
718
719
729
741
744
748
754
757
758
761
764
765
776
779
781
782
784
787
790
792
794

Indexes of the members who participate in excursion of the distance 76088:
0
6
8
10
11
12
15
20
22
25
27
32
34
37
41
46
49
54
57
58
61
62
63
64
66
68
69
73
79
80
85
86
91
92
94
98
100
109
110
111
113
115
119
121
122
124
125
126
128
133
136
138
141
145
147
152
157
166
169
170
174
179
183
184
185
186
187
188
192
194
195
197
201
202
204
208
210
216
217
219
222
224
228
229
231
233
237
243
244
248
249
251
255
256
257
258
267
270
276
277
280
284
289
290
295
298
300
304
305
307
311
312
315
317
319
325
334
337
339
342
343
346
348
349
352
358
359
360
366
368
370
373
375
379
383
385
388
394
395
403
409
417
420
422
424
425
426
427
428
434
440
449
454
455
456
460
468
469
472
475
478
479
480
481
487
488
491
494
496
498
505
506
507
532
534
536
537
538
539
541
544
549
550
551
555
561
562
563
565
566
569
572
573
577
581
582
583
584
586
588
589
590
591
592
594
600
604
605
607
609
610
611
621
622
624
628
631
634
636
638
640
644
645
646
651
657
660
663
665
671
672
677
687
690
691
695
696
698
699
700
704
706
710
711
712
715
716
718
725
727
729
732
735
737
740
741
743
746
749
755
756
757
759
762
763
764
765
766
767
770
772
776
782
784
785
790
794
798