Excursion distances:
36696
60828
88584

Indexes of the 153 members who participate in any of the distances:
1
2
3
4
5
6
7
8
9
10
11
13
14
15
16
17
20
21
22
24
26
27
29
30
31
32
33
34
37
38
39
40
41
42
44
45
47
48
52
53
54
56
57
59
62
63
64
65
66
67
71
72
73
76
77
78
80
81
84
85
86
87
88
89
90
91
93
94
95
96
97
98
100
101
102
103
104
105
106
107
108
110
111
113
114
115
116
117
118
119
120
121
123
124
126
127
128
129
130
131
132
133
135
136
137
138
139
140
142
143
144
145
147
148
149
150
151
153
154
157
158
161
162
163
165
166
168
169
170
171
172
173
174
175
176
177
178
180
181
182
184
186
187
189
190
191
192
193
194
195
196
197
199

Indexes of the members who participate in excursion of the distance 36696:
1
2
5
7
11
14
17
20
21
26
27
29
32
37
38
39
40
42
44
45
47
54
63
64
66
67
71
72
73
78
86
88
89
91
93
94
95
96
97
98
102
103
104
106
107
108
110
111
113
114
115
117
118
121
123
124
126
127
128
133
135
136
144
145
151
161
163
168
170
174
175
176
177
178
180
181
182
186
189
190
191
192
194
195
197
199

Indexes of the members who participate in excursion of the distance 88584:
3
5
6
8
9
10
13
15
16
20
22
26
29
30
33
34
39
53
56
59
76
77
80
84
90
94
100
105
114
116
119
120
130
131
139
140
142
144
147
148
150
151
153
157
165
169
170
172
175
184
187
191

Indexes of the members who participate in excursion of the distance 60828:
1
4
5
10
11
13
20
21
24
26
29
31
32
33
34
37
39
40
41
42
45
48
52
54
57
62
63
64
65
72
81
84
85
87
91
94
96
101
102
104
105
107
108
111
113
114
117
118
124
128
129
130
131
132
133
135
137
138
143
144
145
147
149
151
154
157
158
161
162
166
168
170
171
173
175
177
178
182
184
186
191
192
193
194
195
196